image_width: 640
image_height: 480
camera_name: camera
camera_matrix:
  rows: 3
  cols: 3
  data: [501.632754, 0.000000, 309.940237, 0.000000, 504.066912, 244.337168, 0.000000, 0.000000, 1.000000]
distortion_model: plumb_bob
distortion_coefficients:
  rows: 1
  cols: 5
  data: [0.155653, -0.267017, 0.003852, -0.001905, 0.000000]
rectification_matrix:
  rows: 3
  cols: 3
  data: [1.000000, 0.000000, 0.000000, 0.000000, 1.000000, 0.000000, 0.000000, 0.000000, 1.000000]
projection_matrix:
  rows: 3
  cols: 4
  data: [490.920776, 0.000000, 305.532230, 0.000000, 0.000000, 492.047394, 247.863198, 0.000000, 0.000000, 0.000000, 1.000000, 0.000000]
